0 400 500 2 -1
1 175 124 2
1 175 161 2
1 175 87 1
1 228 124 2
1 228 161 2
1 228 87 1
1 281 124 2
1 281 161 2
1 281 87 1
1 334 124 2
1 334 161 2
1 334 87 1
1 387 124 2
1 387 161 2
1 387 87 1
1 440 124 2
1 440 161 2
1 440 87 1
1 493 124 2
1 493 161 2
1 493 87 1
1 546 124 2
1 546 161 2
1 546 87 1
1 599 124 2
1 599 161 2
1 599 87 1
1 652 124 2
1 652 161 2
1 652 87 1
1 705 124 2
1 705 161 2
1 705 87 1
2 175 50 0 211
2 228 50 0 127
2 281 50 0 122
2 334 50 0 133
2 387 50 0 121
2 440 50 0 101
2 493 50 0 150
2 546 50 0 224
2 599 50 0 149
2 652 50 0 114
2 705 50 0 67
4 266 400 3
4 444 400 3
4 622 400 2
4 88 400 4
5 327.5 10 1 219
6 611 382 0
6 187 372 0
6 505 362 0
6 350 342 0
6 244 272 0
6 562 242 0
