0 331 500 3 -1
1 175 124 2
1 175 161 2
1 175 87 1
1 228 124 2
1 228 161 2
1 228 87 1
1 281 124 2
1 281 161 2
1 281 87 1
1 334 124 2
1 334 161 2
1 334 87 1
1 387 124 2
1 387 161 2
1 387 87 1
1 440 124 2
1 440 161 2
1 440 87 1
1 493 124 2
1 493 161 2
1 493 87 1
1 546 124 2
1 546 161 2
1 546 87 1
1 599 124 2
1 599 161 2
1 599 87 1
1 652 124 2
1 652 161 2
1 652 87 1
1 705 124 2
1 705 161 2
1 705 87 1
2 175 50 0 217
2 228 50 0 215
2 281 50 0 3
2 334 50 0 162
2 387 50 0 4
2 440 50 0 77
2 493 50 0 268
2 546 50 0 272
2 599 50 0 230
2 652 50 0 227
2 705 50 0 168
4 266 400 3
4 444 400 3
4 622 400 4
4 88 400 4
5 -60 10 0 219
6 252 477 0
6 623 327 0
6 358 287 0
6 199 277 0
6 676 257 0
6 729 172 0
6 517 157 0
6 570 92 0
3 0 20 11
