0 679 500 1 -1
1 179 149 2
1 179 186 2
1 179 112 1
1 232 149 2
1 232 186 2
1 232 112 1
1 285 149 2
1 285 186 2
1 285 112 1
1 338 149 2
1 338 186 2
1 338 112 1
1 391 149 2
1 391 186 2
1 391 112 1
1 444 149 2
1 444 186 2
1 444 112 1
1 497 149 2
1 497 186 2
1 497 112 1
1 550 149 2
1 550 186 2
1 550 112 1
1 603 149 2
1 603 186 2
1 603 112 1
1 656 149 2
1 656 186 2
1 656 112 1
1 709 149 2
1 709 186 2
1 709 112 1
2 179 75 0 135
2 232 75 0 177
2 285 75 0 176
2 338 75 0 125
2 391 75 0 92
2 444 75 0 69
2 497 75 0 68
2 550 75 0 157
2 603 75 0 131
2 656 75 0 29
2 709 75 0 23
4 88 400 3
5 80 10 1 219
6 537 557 0
6 484 537 0
6 427 467 0
6 586 457 0
6 309 177 0
