0 370 500 3 7
1 219 124 2
1 219 87 1
1 272 124 2
1 272 161 2
1 272 87 1
1 325 124 2
1 325 87 1
1 378 124 2
1 378 161 2
1 378 87 1
1 431 124 2
1 431 161 2
1 431 87 1
1 484 124 2
1 484 161 2
1 484 87 1
1 537 124 2
1 537 161 2
1 537 87 1
1 590 124 2
1 590 161 2
1 590 87 1
1 643 124 2
1 643 161 2
1 643 87 1
1 696 124 2
1 696 161 2
1 696 87 1
1 749 124 2
1 749 161 2
1 749 87 1
2 219 50 0 199
2 272 50 0 196
2 325 50 0 12
2 378 50 0 75
2 431 50 0 11
2 484 50 0 0
2 537 50 0 210
2 590 50 0 180
2 643 50 0 242
2 696 50 0 60
2 749 50 0 66
4 266 400 3
4 444 400 4
4 622 400 4
4 88 400 4
5 -60 10 0 219
6 427 209 1
6 235 282 0
6 370 364 1
6 610 192 0
6 292 147 0
6 663 137 0
6 557 92 0
3 0 20 20

