0 529 500 3 -1
1 215 124 2
1 215 161 2
1 215 87 1
1 268 124 2
1 268 161 2
1 268 87 1
1 321 124 2
1 321 161 2
1 321 87 1
1 374 124 2
1 374 87 1
1 427 124 2
1 427 161 2
1 427 87 1
1 480 124 2
1 480 161 2
1 480 87 1
1 533 124 2
1 533 161 2
1 533 87 1
1 586 124 2
1 586 161 2
1 586 87 1
1 639 124 2
1 639 161 2
1 639 87 1
1 692 124 2
1 692 161 2
1 692 87 1
1 745 124 2
1 745 161 2
1 745 87 1
2 215 50 0 14
2 268 50 0 86
2 321 50 0 200
2 374 50 0 80
2 427 50 0 40
2 480 50 0 162
2 533 50 0 47
2 586 50 0 88
2 639 50 0 55
2 692 50 0 72
2 745 50 0 4
4 266 400 3
4 444 400 4
4 622 400 4
4 88 400 4
5 -60 10 0 219
6 337 262 0
6 504 102 0
3 0 20 17
