0 418 500 1 -1
1 107 149 2
1 107 186 2
1 107 112 1
1 160 149 2
1 160 186 2
1 160 112 1
1 213 149 2
1 213 186 2
1 213 112 1
1 266 149 2
1 266 186 2
1 266 112 1
1 319 149 2
1 319 186 2
1 319 112 1
1 372 149 2
1 372 186 2
1 372 112 1
1 425 149 2
1 425 186 2
1 425 112 1
1 478 149 2
1 478 186 2
1 478 112 1
1 531 149 2
1 531 186 2
1 531 112 1
1 584 149 2
1 584 186 2
1 584 112 1
1 637 149 2
1 637 186 2
1 637 112 1
2 107 75 0 67
2 160 75 0 56
2 213 75 0 37
2 266 75 0 228
2 319 75 0 94
2 372 75 0 30
2 425 75 0 185
2 478 75 0 150
2 531 75 0 181
2 584 75 0 67
2 637 75 0 9
4 88 400 3
5 208 10 1 219
6 628 592 0
6 469 582 0
6 575 572 0
6 457 219 1
6 298 292 0
3 2 18 16
