0 493 500 3 -1
1 131 124 2
1 131 161 2
1 131 87 1
1 184 124 2
1 184 161 2
1 184 87 1
1 237 124 2
1 237 161 2
1 237 87 1
1 290 124 2
1 290 161 2
1 290 87 1
1 343 124 2
1 343 161 2
1 343 87 1
1 396 124 2
1 396 161 2
1 396 87 1
1 449 124 2
1 449 161 2
1 449 87 1
1 502 124 2
1 502 161 2
1 502 87 1
1 555 124 2
1 555 161 2
1 555 87 1
1 608 124 2
1 608 161 2
1 608 87 1
1 661 124 2
1 661 161 2
1 661 87 1
2 131 50 0 25
2 184 50 0 163
2 237 50 0 237
2 290 50 0 41
2 343 50 0 252
2 396 50 0 211
2 449 50 0 80
2 502 50 0 19
2 555 50 0 131
2 608 50 0 70
2 661 50 0 51
4 266 400 4
4 444 400 4
4 622 400 4
4 88 400 4
5 800 10 0 219
6 196 352 0
6 567 332 0
6 253 272 0
6 363 187 0
6 416 102 0
3 0 20 0
