7 580
0 358 500 2 -1
1 175 149 2
1 175 186 2
1 175 112 1
1 228 149 2
1 228 186 2
1 228 112 1
1 281 149 2
1 281 186 2
1 281 112 1
1 440 149 2
1 440 186 2
1 440 112 1
1 493 149 2
1 493 186 2
1 493 112 1
1 546 149 2
1 546 186 2
1 546 112 1
1 599 149 2
1 599 186 2
1 599 112 1
1 652 149 2
1 652 186 2
1 652 112 1
1 705 149 2
1 705 186 2
1 705 112 1
2 175 75 0 47
2 228 75 0 54
2 281 75 0 12
2 440 75 0 131
2 493 75 0 7
2 546 75 0 165
2 599 75 0 45
2 652 75 0 221
2 705 75 0 205
4 88 400 3
5 -60 10 0 219
6 745 512 0
6 692 492 0
6 376 139 1
6 582 397 0
6 476 387 0
3 2 18 15
7 580
