7 50
0 391 500 2 -1
1 171 124 2
1 171 161 2
1 171 87 1
1 224 124 2
1 224 161 2
1 224 87 1
1 277 124 2
1 277 161 2
1 277 87 1
1 330 124 2
1 330 161 2
1 330 87 1
1 436 124 2
1 436 87 1
1 489 124 2
1 489 161 2
1 489 87 1
1 542 124 2
1 542 161 2
1 542 87 1
1 595 124 2
1 595 161 2
1 595 87 1
1 648 124 2
1 648 161 2
1 648 87 1
1 701 124 2
1 701 161 2
1 701 87 1
2 171 50 0 160
2 224 50 0 151
2 277 50 0 135
2 330 50 0 75
2 383 50 0 29
2 436 50 0 216
2 489 50 0 150
2 542 50 0 16
2 595 50 0 198
2 648 50 0 31
2 701 50 0 110
4 266 400 3
4 444 400 2
4 622 400 2
4 88 400 3
5 380 10 1 219
6 228 587 0
6 391 99 1
6 607 422 0
6 391 249 1
6 297 227 0
6 191 192 0
6 460 97 0
3 0 20 10
7 50
