0 400 500 3 -1
1 123 124 2
1 123 161 2
1 123 87 1
1 176 124 2
1 176 161 2
1 176 87 1
1 229 124 2
1 229 161 2
1 229 87 1
1 282 124 2
1 282 161 2
1 282 87 1
1 335 124 2
1 335 161 2
1 335 87 1
1 388 124 2
1 388 161 2
1 388 87 1
1 441 124 2
1 441 161 2
1 441 87 1
1 494 124 2
1 494 161 2
1 494 87 1
1 547 124 2
1 547 161 2
1 547 87 1
1 600 124 2
1 600 161 2
1 600 87 1
1 653 124 2
1 653 161 2
1 653 87 1
2 123 50 0 65
2 176 50 0 222
2 229 50 0 2
2 282 50 0 81
2 335 50 0 19
2 388 50 0 36
2 441 50 0 120
2 494 50 0 59
2 547 50 0 229
2 600 50 0 110
2 653 50 0 91
4 266 400 4
4 444 400 4
4 622 400 4
4 88 400 4
5 800 10 0 219
6 196 152 0
6 567 132 0
3 0 20 19
