0 406 500 3 -1
2 115 50 0 265
2 168 50 0 15
2 221 50 0 15
2 274 50 0 15
2 327 50 0 15
2 380 50 0 15
2 433 50 0 15
2 486 50 0 15
2 539 50 0 15
2 592 50 0 15
2 645 50 0 15
2 115 87 0 15
2 168 87 0 15
2 221 87 0 15
2 274 87 0 15
2 327 87 0 15
2 380 87 0 15
2 433 87 0 15
2 486 87 0 15
2 539 87 0 15
2 592 87 0 15
2 645 87 0 15
2 115 124 0 15
2 168 124 0 15
2 221 124 0 15
2 274 124 0 15
2 327 124 0 15
2 380 124 0 15
2 433 124 0 15
2 486 124 0 15
2 539 124 0 15
2 592 124 0 15
2 645 124 0 15
2 115 161 0 15
2 168 161 0 15
2 221 161 0 15
2 274 161 0 15
2 327 161 0 15
2 380 161 0 15
2 433 161 0 15
2 486 161 0 15
2 539 161 0 15
2 592 161 0 15
2 645 161 0 15
4 88 400 4
4 266 400 4
4 444 400 4
4 622 400 4
4 -1.07374e+08 -1.07374e+08 -842150451
6 400 309 1
3 0 20 6
7 0
