0 196 500 3 -1
1 199 149 2
1 199 186 2
1 199 112 1
1 252 112 1
1 305 149 2
1 305 112 1
1 358 112 1
1 464 149 2
1 464 112 1
1 517 149 2
1 517 186 2
1 517 112 1
1 570 149 2
1 570 186 2
1 570 112 1
1 623 149 2
1 623 186 2
1 623 112 1
1 676 149 2
1 676 186 2
1 676 112 1
1 729 149 2
1 729 186 2
1 729 112 1
2 199 75 0 50
2 252 75 0 52
2 305 75 0 178
2 358 75 0 71
2 464 75 0 197
2 517 75 0 170
2 570 75 0 6
2 623 75 0 78
2 676 75 0 247
2 729 75 0 104
4 444 400 1
4 622 400 1
4 88 400 3
5 752 10 1 219
6 553 447 0
6 337 352 0
6 708 307 0
3 2 18 5
7 220
