0 493 500 3 -1
1 143 124 2
1 143 161 2
1 143 87 1
1 196 124 2
1 196 161 2
1 196 87 1
1 249 124 2
1 249 161 2
1 249 87 1
1 302 124 2
1 302 161 2
1 302 87 1
1 355 124 2
1 355 161 2
1 355 87 1
1 408 124 2
1 408 161 2
1 408 87 1
1 461 124 2
1 461 161 2
1 461 87 1
1 514 124 2
1 514 161 2
1 514 87 1
1 567 124 2
1 567 161 2
1 567 87 1
1 620 124 2
1 620 161 2
1 620 87 1
1 673 124 2
1 673 161 2
1 673 87 1
2 143 50 0 217
2 196 50 0 79
2 249 50 0 151
2 302 50 0 151
2 355 50 0 195
2 408 50 0 197
2 461 50 0 14
2 514 50 0 235
2 567 50 0 180
2 620 50 0 4
2 673 50 0 251
4 266 400 4
4 444 400 4
4 622 400 4
4 88 400 4
5 800 10 0 219
6 363 517 0
6 416 432 0
6 526 317 0
6 159 287 0
6 322 207 0
6 693 157 0
3 0 20 18
