0 685 500 2 -1
1 87 237 1
1 140 274 2
1 140 311 2
1 140 237 1
1 193 274 2
1 193 311 2
1 193 237 1
1 246 274 2
1 246 311 2
1 246 237 1
1 299 274 2
1 299 311 2
1 299 237 1
1 352 274 2
1 352 311 2
1 352 237 1
1 405 274 2
1 405 311 2
1 405 237 1
1 458 274 2
1 458 311 2
1 458 237 1
1 511 274 2
1 511 311 2
1 511 237 1
1 564 274 2
1 564 311 2
1 564 237 1
1 617 274 2
1 617 311 2
1 617 237 1
2 140 200 0 133
2 193 200 0 133
2 246 200 0 53
2 299 200 0 213
2 352 200 0 175
2 405 200 0 4
2 458 200 0 49
2 511 200 0 106
2 564 200 0 244
2 617 200 0 99
5 516 10 1 219
6 709 174 1
6 356 487 0
6 156 322 0
6 588 272 0
3 0 8 2
7 710
