0 394 500 3 -1
1 139 124 2
1 139 161 2
1 139 87 1
1 192 124 2
1 192 161 2
1 192 87 1
1 245 124 2
1 245 161 2
1 245 87 1
1 298 124 2
1 298 161 2
1 298 87 1
1 351 124 2
1 351 87 1
1 404 124 2
1 404 161 2
1 404 87 1
1 457 124 2
1 457 161 2
1 457 87 1
1 510 124 2
1 510 161 2
1 510 87 1
1 563 124 2
1 563 161 2
1 563 87 1
1 616 124 2
1 616 161 2
1 616 87 1
1 669 124 2
1 669 161 2
1 669 87 1
2 139 50 0 142
2 192 50 0 98
2 245 50 0 174
2 298 50 0 236
2 351 50 0 163
2 404 50 0 143
2 457 50 0 270
2 510 50 0 157
2 563 50 0 219
2 616 50 0 208
2 669 50 0 206
4 0 325 4
4 0 400 4
4 100 325 3
4 100 400 4
4 200 325 2
4 200 400 4
4 300 325 3
4 300 400 4
4 400 325 3
4 400 400 3
4 500 325 2
4 500 400 4
4 600 325 3
4 600 400 4
4 700 325 4
4 700 400 4
5 800 10 0 200
5 800 10 0 210
6 394 294 1
6 477 222 0
6 371 217 0
6 689 187 0
3 0 20 6
7 10
