0 274 500 3 -1
1 195 124 2
1 195 161 2
1 195 87 1
1 248 124 2
1 248 161 2
1 248 87 1
1 301 124 2
1 301 161 2
1 301 87 1
1 354 124 2
1 354 87 1
1 460 124 2
1 460 87 1
1 513 124 2
1 513 161 2
1 513 87 1
1 566 124 2
1 566 161 2
1 566 87 1
1 619 124 2
1 619 161 2
1 619 87 1
1 672 124 2
1 672 161 2
1 672 87 1
1 725 124 2
1 725 161 2
1 725 87 1
2 195 50 0 157
2 248 50 0 185
2 301 50 0 74
2 354 50 0 155
2 460 50 0 217
2 513 50 0 19
2 566 50 0 50
2 619 50 0 207
2 672 50 0 255
2 725 50 0 132
4 266 400 1
4 444 400 2
4 622 400 2
4 88 400 3
5 64 10 1 219
6 207 357 0
6 472 342 0
6 264 262 0
6 635 247 0
6 692 157 0
3 0 20 0
7 90
