0 373 500 3 -1
1 71 112 1
1 124 149 2
1 124 186 2
1 124 112 1
1 177 149 2
1 177 186 2
1 177 112 1
1 230 149 2
1 230 112 1
1 336 149 2
1 336 112 1
1 389 149 2
1 389 186 2
1 389 112 1
1 442 149 2
1 442 186 2
1 442 112 1
1 495 149 2
1 495 186 2
1 495 112 1
1 548 149 2
1 548 186 2
1 548 112 1
1 601 149 2
1 601 186 2
1 601 112 1
2 71 75 0 18
2 124 75 0 163
2 177 75 0 128
2 230 75 0 176
2 336 75 0 114
2 389 75 0 131
2 442 75 0 205
2 495 75 0 67
2 548 75 0 82
2 601 75 0 10
4 88 400 1
5 228 10 1 219
6 478 447 0
6 213 417 0
6 368 292 0
3 2 18 9
7 300
