7 690
0 196 500 3 -1
1 252 124 2
1 252 87 1
1 305 124 2
1 305 161 2
1 305 87 1
1 358 124 2
1 358 161 2
1 358 87 1
1 411 124 2
1 411 161 2
1 411 87 1
1 464 124 2
1 464 161 2
1 464 87 1
1 517 124 2
1 517 161 2
1 517 87 1
1 570 124 2
1 570 161 2
1 570 87 1
1 623 124 2
1 623 161 2
1 623 87 1
1 676 124 2
1 676 161 2
1 676 87 1
1 729 124 2
1 729 161 2
1 729 87 1
2 199 50 0 162
2 252 50 0 66
2 305 50 0 133
2 358 50 0 158
2 411 50 0 96
2 464 50 0 22
2 517 50 0 91
2 570 50 0 140
2 623 50 0 63
2 676 50 0 181
2 729 50 0 98
4 266 400 2
4 444 400 1
4 622 400 1
4 88 400 3
5 -32 10 1 219
6 0 330 0
6 0 330 0
6 0 330 0
6 0 330 0
6 0 330 0
6 0 330 0
6 0 330 0
6 321 282 0
3 0 20 7
7 690
